1,1,123.82,333.96,130.77,56.04000000000002,1,1,1.0
1,2,210.43,249.61,92.83999999999997,40.19,1,1,0.0
1,3,735.21,267.72,68.5,37.92999999999995,1,1,1.0
2,1,98.91,339.62,134.69,59.98000000000002,1,1,1.0
2,2,210.43,249.61,92.83999999999997,40.19,1,1,0.0
2,3,718.23,269.42,73.56999999999994,37.93000000000001,1,1,1.0
3,1,74.0,342.45,140.4,59.98000000000002,1,1,1.0
3,2,210.43,249.61,92.83999999999997,40.19,1,1,0.0
3,3,707.47,271.69,73.56999999999994,37.93000000000001,1,1,1.0
4,1,50.23,346.98,140.39000000000001,59.97999999999996,1,1,1.0
4,2,210.43,249.61,92.83999999999997,40.19,1,1,0.0
4,3,693.89,274.52,73.57000000000005,37.93000000000001,1,1,1.0
5,1,22.49,349.24,143.81,59.98000000000002,1,1,1.0
5,2,210.43,249.61,92.83999999999997,40.19,1,1,0.0
5,3,678.04,275.08,75.86000000000001,39.02000000000004,1,1,1.0
6,1,0.98,352.64,146.12,63.960000000000036,1,1,1.0
6,2,210.43,249.61,92.83999999999997,40.19,1,1,0.0
6,3,663.88,275.65,76.41999999999996,42.450000000000045,1,1,1.0
7,1,0.98,354.3,122.32,66.80000000000001,1,1,1.0
7,2,210.43,249.61,92.83999999999997,40.19,1,1,0.0
7,3,649.73,276.21,76.41999999999996,43.59000000000003,1,1,1.0
8,1,0.41,357.13,99.69,70.76999999999998,1,1,1.0
8,2,210.43,249.61,92.83999999999997,40.19,1,1,0.0
8,3,635.58,279.05,79.81999999999994,43.579999999999984,1,1,1.0
9,1,0.41,362.8,76.49000000000001,65.09999999999997,1,1,1.0
9,2,210.43,249.61,92.83999999999997,40.19,1,1,0.0
9,3,621.99,279.61,79.81999999999994,43.589999999999975,1,1,1.0
10,1,0.41,366.8,48.190000000000005,61.099999999999966,1,1,1.0
10,2,210.43,249.61,92.83999999999997,40.19,1,1,0.0
10,3,605.43,283.93,82.37,43.589999999999975,1,1,1.0
11,2,210.43,249.61,92.83999999999997,40.19,1,1,1.0
11,3,591.39,284.65,84.21000000000004,43.59000000000003,1,1,1.0
12,2,210.41,249.61,92.84,40.40999999999997,1,1,1.0
12,3,576.27,286.45,84.21000000000004,44.650000000000034,1,1,0.0
13,2,210.39,249.61,92.84000000000003,40.629999999999995,1,1,1.0
13,3,557.55,288.61,88.15000000000009,44.64999999999998,1,1,0.0
14,2,210.37,249.61,92.83999999999997,40.849999999999966,1,1,1.0
14,3,542.79,292.57,88.15000000000009,44.650000000000034,1,1,0.0
15,2,210.34,249.61,92.85,41.06999999999999,1,1,1.0
15,3,526.95,292.93,89.94999999999993,44.64999999999998,1,1,0.0
16,2,210.32,249.61,92.84000000000003,41.289999999999964,1,1,1.0
16,3,508.95,296.17,92.84999999999997,44.64999999999998,1,1,0.0
17,2,210.3,249.61,92.83999999999997,41.50999999999999,1,1,1.0
17,3,493.83,297.97,92.84999999999997,48.92999999999995,1,1,0.0
18,2,210.28,249.61,92.84,41.72999999999996,1,1,1.0
18,3,474.39,300.49,95.71000000000004,49.00999999999999,1,1,0.0
19,2,210.26,249.61,92.84000000000003,41.94999999999999,1,1,1.0
19,3,458.91,302.65,94.98999999999995,51.55000000000001,1,1,0.0
20,2,210.23,249.61,92.84,42.16999999999996,1,1,1.0
20,3,442.35,305.53,94.99000000000001,53.670000000000016,1,1,0.0
21,2,210.21,249.61,92.84,42.389999999999986,1,1,1.0
21,3,424.35,307.33,100.04999999999995,53.670000000000016,1,1,1.0
22,2,210.19,249.61,92.83999999999997,42.610000000000014,1,1,1.0
22,3,405.64,311.01,103.36000000000001,53.660000000000025,1,1,1.0
23,2,210.17,249.61,92.84,42.829999999999984,1,1,1.0
23,3,386.94,313.68,105.06,53.670000000000016,1,1,1.0
24,2,210.14,249.61,92.85000000000002,43.05000000000001,1,1,1.0
24,3,367.9,317.35,106.06,55.64999999999998,1,1,1.0
25,2,210.12,249.61,92.83999999999997,43.26999999999998,1,1,1.0
25,3,348.19,320.69,109.11000000000001,57.00999999999999,1,1,1.0
26,2,210.1,249.61,92.84,43.49000000000001,1,1,1.0
26,3,329.81,324.04,109.12,57.0,1,1,1.0
27,2,210.13,249.61,92.84000000000003,43.49000000000001,1,1,1.0
27,3,309.43,327.04,111.17000000000002,57.00999999999999,1,1,1.0
28,2,210.16,249.61,92.84,43.49000000000001,1,1,1.0
28,3,289.06,329.05,113.83999999999997,60.64999999999998,1,1,1.0
29,2,210.19,249.61,92.85000000000002,43.49000000000001,1,1,1.0
29,3,267.01,333.39,119.19,60.650000000000034,1,1,1.0
30,2,210.23,249.61,92.84,43.49000000000001,1,1,1.0
30,3,244.63,337.73,121.87,63.96999999999997,1,1,1.0
31,2,210.26,249.61,92.84000000000003,43.49000000000001,1,1,1.0
31,3,222.49,341.42,124.11000000000001,62.47999999999996,1,1,1.0
32,2,210.29,249.61,92.84,43.49000000000001,1,1,1.0
32,3,199.61,345.85,127.08999999999997,63.94999999999999,1,1,1.0
33,2,210.32,249.61,92.84000000000003,43.49000000000001,1,1,1.0
33,3,174.52,348.06,131.48,65.63999999999999,1,1,1.0
34,2,210.35,249.61,92.84,43.49000000000001,1,1,1.0
34,3,151.54,350.46,136.66,68.04000000000002,1,1,1.0
35,2,210.38,249.61,92.84000000000003,43.49000000000001,1,1,1.0
35,3,124.96,355.66,139.64000000000004,70.44,1,1,1.0
36,2,210.42,249.61,92.84,43.49000000000001,1,1,1.0
36,3,104.97,360.26,138.03,72.04000000000002,1,1,1.0
37,2,210.45,249.61,92.84000000000003,43.49000000000001,1,1,1.0
37,3,74.19,365.05,147.01,72.05000000000001,1,1,1.0
38,2,210.48,249.61,92.84,43.49000000000001,1,1,1.0
38,3,47.81,369.25,149.99,74.85000000000002,1,1,1.0
39,2,210.51,249.61,92.84000000000003,43.49000000000001,1,1,1.0
39,3,17.23,373.65,159.37,74.85000000000002,1,1,1.0
40,2,210.54,249.61,92.84,43.49000000000001,1,1,1.0
40,3,0.29,379.49,149.43,76.00999999999999,1,1,1.0
41,2,210.57,249.61,92.84000000000003,43.49000000000001,1,1,1.0
41,3,0.29,381.8,124.30999999999999,77.80000000000001,1,1,1.0
42,2,210.6,249.61,92.85,43.49000000000001,1,1,1.0
42,3,0.29,386.47,99.21,82.42999999999995,1,1,1.0
43,2,210.64,249.61,92.84000000000003,43.49000000000001,1,1,1.0
43,3,0.29,390.5,76.80999999999999,78.39999999999998,1,1,1.0
44,2,210.67,249.61,92.84,43.49000000000001,1,1,1.0
44,3,0.29,401.3,49.11,67.59999999999997,1,1,1.0
45,2,210.7,249.61,92.84000000000003,43.49000000000001,1,1,1.0
46,2,210.73,249.61,92.84,43.49000000000001,1,1,1.0
47,2,210.76,249.61,92.84000000000003,43.49000000000001,1,1,1.0
48,2,210.79,249.61,92.84,43.49000000000001,1,1,1.0
49,2,210.83,249.61,92.84,43.49000000000001,1,1,1.0
50,2,210.86,249.61,92.83999999999997,43.49000000000001,1,1,1.0
51,2,210.89,249.61,92.84000000000003,43.49000000000001,1,1,1.0
52,2,210.92,249.61,92.84,43.49000000000001,1,1,1.0
53,2,210.95,249.61,92.84000000000003,43.49000000000001,1,1,1.0
53,4,944.62,225.81,15.379999999999995,56.60000000000002,1,1,1.0
54,2,210.95,250.89,92.84000000000003,43.49000000000001,1,1,1.0
54,4,939.32,226.37,20.67999999999995,60.23000000000002,1,1,1.0
55,2,210.95,250.89,92.84000000000003,43.49000000000001,1,1,1.0
55,4,935.42,227.76,24.58000000000004,61.639999999999986,1,1,1.0
56,2,210.95,250.89,92.84000000000003,43.49000000000001,1,1,1.0
56,4,928.72,225.81,30.980000000000018,66.08999999999997,1,1,1.0
57,2,210.95,250.89,92.84000000000003,43.49000000000001,1,1,1.0
57,4,923.43,225.53,36.57000000000005,65.77000000000001,1,1,1.0
58,2,210.95,250.89,92.84000000000003,43.49000000000001,1,1,1.0
58,4,919.8,225.53,40.200000000000045,67.16999999999999,1,1,1.0
59,2,210.95,250.89,92.84000000000003,43.49000000000001,1,1,1.0
59,4,914.5,225.25,45.5,69.44999999999999,1,1,1.0
60,2,210.95,250.89,92.84000000000003,43.49000000000001,1,1,1.0
60,4,910.04,224.7,49.960000000000036,72.0,1,1,1.0
61,2,210.95,250.89,92.84000000000003,43.49000000000001,1,1,1.0
61,4,903.07,225.53,56.629999999999995,71.77000000000001,1,1,1.0
62,2,210.95,250.89,92.84000000000003,43.49000000000001,1,1,1.0
62,4,901.96,226.09,57.74000000000001,72.30999999999997,1,1,1.0
63,2,210.95,250.89,92.84000000000003,43.49000000000001,1,1,1.0
63,4,893.03,226.37,66.97000000000003,74.02999999999997,1,1,1.0
64,2,210.95,250.89,92.84000000000003,43.49000000000001,1,1,1.0
64,4,887.46,226.93,72.53999999999996,75.17000000000002,1,1,1.0
65,2,210.95,250.89,92.84000000000003,43.49000000000001,1,1,1.0
65,4,880.21,225.81,79.78999999999996,77.08999999999997,1,1,1.0
66,2,210.95,250.89,92.84000000000003,43.49000000000001,1,1,1.0
66,4,872.96,224.69,87.03999999999996,80.11000000000001,1,1,1.0
67,2,210.95,250.89,92.84000000000003,43.49000000000001,1,1,1.0
67,4,868.5,225.53,91.20000000000005,80.36999999999998,1,1,1.0
68,2,210.95,250.89,92.84000000000003,43.49000000000001,1,1,1.0
68,4,860.13,226.65,99.87,81.24999999999997,1,1,1.0
69,2,210.95,250.89,92.84000000000003,43.49000000000001,1,1,1.0
69,4,857.2,226.65,102.79999999999995,81.24999999999997,1,1,1.0
70,2,210.95,250.89,92.84000000000003,43.49000000000001,1,1,1.0
70,4,847.2,226.65,112.79999999999995,84.95000000000002,1,1,1.0
71,2,210.95,250.89,92.84000000000003,43.49000000000001,1,1,1.0
71,4,842.6,226.65,117.39999999999998,84.95000000000002,1,1,1.0
72,2,210.95,250.89,92.84000000000003,43.49000000000001,1,1,1.0
72,4,835.5,230.0,124.5,84.5,1,1,1.0
73,2,210.95,250.89,92.84000000000003,43.49000000000001,1,1,1.0
73,4,828.45,230.0,130.75,84.5,1,1,1.0
74,2,210.95,250.89,92.84000000000003,43.49000000000001,1,1,1.0
74,4,821.81,232.07,138.19000000000005,86.13,1,1,1.0
75,2,210.95,250.89,92.84000000000003,43.49000000000001,1,1,1.0
75,4,813.52,234.15,146.08000000000004,86.11999999999998,1,1,1.0
76,2,210.95,250.89,92.84000000000003,43.49000000000001,1,1,1.0
76,4,809.8,233.32,150.20000000000005,87.78000000000003,1,1,1.0
77,2,210.95,250.89,92.84000000000003,43.49000000000001,1,1,1.0
77,4,803.16,233.73,156.44000000000005,87.78999999999999,1,1,1.0
78,2,210.95,250.89,92.84000000000003,43.49000000000001,1,1,1.0
78,4,791.14,235.81,167.26,89.88999999999999,1,1,1.0
79,2,210.95,250.89,92.84000000000003,43.49000000000001,1,1,1.0
79,4,782.84,235.81,169.76,93.58999999999997,1,1,1.0
80,2,210.95,250.89,92.84000000000003,43.49000000000001,1,1,1.0
80,4,772.89,236.63,174.31000000000006,93.60000000000002,1,1,1.0
81,2,210.95,250.89,92.84000000000003,43.49000000000001,1,1,1.0
81,4,768.33,237.88,174.30999999999995,93.59000000000003,1,1,1.0
82,2,210.95,250.89,92.84000000000003,43.49000000000001,1,1,1.0
82,4,760.86,237.5,174.30999999999995,92.73000000000002,1,1,1.0
83,2,210.95,250.89,92.84000000000003,43.49000000000001,1,1,1.0
83,4,752.57,239.99,177.63,97.70999999999998,1,1,1.0
84,2,210.95,250.89,92.84000000000003,43.49000000000001,1,1,1.0
84,4,743.03,242.1,179.26999999999998,96.4,1,1,1.0
84,5,720.93,263.9,25.720000000000027,28.610000000000014,1,1,0.0
84,6,917.17,240.54,16.180000000000064,31.830000000000013,1,1,0.0
85,2,210.95,250.89,92.84000000000003,43.49000000000001,1,1,1.0
85,4,736.4,241.27,182.20000000000005,100.12999999999997,1,1,1.0
85,5,709.74,263.49,31.559999999999945,31.110000000000014,1,1,0.0
85,6,910.91,241.84,16.170000000000073,31.830000000000013,1,1,0.0
86,2,210.95,250.89,92.84000000000003,43.49000000000001,1,1,1.0
86,4,722.71,242.51,189.68999999999994,100.13,1,1,1.0
86,5,700.2,263.07,31.559999999999945,31.120000000000005,1,1,0.0
86,6,905.43,241.58,16.170000000000073,31.830000000000013,1,1,0.0
87,2,210.95,250.89,92.84000000000003,43.49000000000001,1,1,1.0
87,4,716.49,242.93,189.68999999999994,100.13,1,1,1.0
87,5,689.42,262.24,31.56000000000006,31.120000000000005,1,1,0.0
87,6,898.91,242.36,16.170000000000073,31.839999999999975,1,1,0.0
88,2,210.95,250.89,92.84000000000003,43.49000000000001,1,1,1.0
88,4,706.95,242.51,193.44999999999993,102.99000000000001,1,1,1.0
88,5,676.56,261.0,34.04000000000008,34.06,1,1,0.0
88,6,887.4,243.67,20.899999999999977,31.830000000000013,1,1,0.0
89,2,210.95,250.89,92.84000000000003,43.49000000000001,1,1,1.0
89,4,695.34,245.83,198.44999999999993,102.16999999999999,1,1,1.0
89,5,664.54,262.24,35.66000000000008,34.06,1,1,0.0
89,6,879.68,242.64,20.90000000000009,31.83000000000004,1,1,0.0
90,2,210.95,250.89,92.84000000000003,43.49000000000001,1,1,1.0
90,4,682.49,244.59,202.21000000000004,106.30999999999997,1,1,1.0
90,5,654.17,262.24,35.66000000000008,34.06,1,1,0.0
90,6,874.54,244.7,20.90000000000009,31.829999999999984,1,1,0.0
91,2,210.95,250.89,92.84000000000003,43.49000000000001,1,1,1.0
91,4,674.19,245.0,205.51,106.31,1,1,1.0
91,5,641.31,261.0,38.99000000000001,34.06,1,1,0.0
91,6,864.3,244.7,27.020000000000095,31.829999999999984,1,1,0.0
92,2,210.95,250.89,92.84000000000003,43.49000000000001,1,1,1.0
92,4,665.9,249.15,205.51,106.30999999999997,1,1,1.0
92,5,629.29,261.0,44.00999999999999,34.89999999999998,1,1,0.0
92,6,854.01,245.73,27.019999999999982,31.830000000000013,1,1,0.0
93,2,210.95,250.89,92.84000000000003,43.49000000000001,1,1,1.0
93,4,655.53,250.39,205.51,106.32,1,1,1.0
93,5,616.43,262.24,44.010000000000105,34.89999999999998,1,1,0.0
93,6,848.87,245.21,27.019999999999982,31.830000000000013,1,1,0.0
94,2,210.95,250.89,92.84000000000003,43.49000000000001,1,1,1.0
94,4,647.24,251.22,205.5,110.88000000000002,1,1,1.0
94,5,602.75,262.66,52.35000000000002,34.89999999999998,1,1,0.0
94,6,840.12,247.27,27.019999999999982,31.830000000000013,1,1,0.0
95,2,210.95,250.89,92.84000000000003,43.49000000000001,1,1,1.0
95,4,632.31,251.22,216.29000000000008,114.97999999999999,1,1,1.0
95,5,590.72,262.66,56.07999999999993,34.89999999999998,1,1,0.0
95,6,832.4,247.27,27.019999999999982,31.830000000000013,1,1,0.0
96,2,210.95,250.89,92.84000000000003,43.49000000000001,1,1,1.0
96,4,621.53,251.64,221.26999999999998,117.86000000000001,1,1,1.0
96,5,580.35,264.32,56.07999999999993,36.98000000000002,1,1,0.0
96,6,813.9,247.27,34.210000000000036,31.830000000000013,1,1,0.0
97,2,210.95,250.89,92.84000000000003,43.49000000000001,1,1,1.0
97,4,606.18,252.88,228.72000000000003,119.92000000000002,1,1,1.0
97,5,567.08,267.22,56.07999999999993,36.97999999999996,1,1,0.0
97,6,808.24,247.78,34.210000000000036,31.830000000000013,1,1,0.0
98,2,210.95,250.89,92.84000000000003,43.49000000000001,1,1,1.0
98,4,594.57,254.13,234.0999999999999,119.91000000000003,1,1,1.0
98,5,553.4,267.22,84.30000000000007,36.97999999999996,1,1,0.0
98,6,798.98,249.33,34.210000000000036,31.830000000000013,1,1,0.0
99,2,210.95,250.89,92.84000000000003,43.49000000000001,1,1,1.0
99,4,582.96,254.13,234.0999999999999,121.97000000000003,1,1,1.0
99,5,542.62,268.46,84.29999999999995,36.99000000000001,1,1,0.0
99,6,790.75,249.33,34.210000000000036,31.830000000000013,1,1,0.0
100,2,210.95,250.89,92.84000000000003,43.49000000000001,1,1,1.0
100,4,566.37,256.2,242.83000000000004,125.30000000000001,1,1,1.0
100,5,528.93,269.29,84.30000000000007,36.98999999999995,1,1,0.0
100,6,760.6,249.84,52.51999999999998,31.830000000000013,1,1,0.0
101,2,210.95,250.89,92.84000000000003,43.49000000000001,1,1,1.0
101,4,556.42,256.2,245.2800000000001,128.60000000000002,1,1,1.0
101,5,512.34,269.71,92.15999999999997,36.98000000000002,1,1,0.0
101,6,750.95,249.84,52.51999999999998,31.830000000000013,1,1,0.0
102,2,210.95,250.89,92.84000000000003,43.49000000000001,1,1,1.0
102,4,546.47,256.62,245.27999999999997,129.38,1,1,1.0
102,5,499.9,270.54,92.15999999999997,36.97999999999996,1,1,0.0
102,6,739.49,251.05,52.52999999999997,31.829999999999984,1,1,0.0
103,2,210.95,250.89,92.84000000000003,43.49000000000001,1,1,1.0
103,4,530.71,262.01,253.58999999999992,129.38,1,1,1.0
103,5,486.63,271.37,92.15999999999997,36.98000000000002,1,1,0.0
103,6,732.86,251.65,52.51999999999998,31.830000000000013,1,1,0.0
104,2,210.95,250.89,92.84000000000003,43.49000000000001,1,1,1.0
104,4,518.7,259.93,257.26,135.57,1,1,1.0
104,5,470.87,270.95,97.92999999999995,36.99000000000001,1,1,0.0
104,6,714.2,252.25,60.92999999999995,31.829999999999984,1,1,0.0
105,2,210.95,250.89,92.84000000000003,43.49000000000001,1,1,1.0
105,4,499.6,263.3,266.8299999999999,133.86,1,1,1.0
105,5,458.43,272.61,97.93,36.97999999999996,1,1,0.0
105,6,703.95,253.46,60.92999999999995,31.830000000000013,1,1,0.0
106,2,210.95,250.89,92.84000000000003,43.49000000000001,1,1,1.0
106,4,484.3,265.3,273.8,136.39999999999998,1,1,1.0
106,5,443.5,272.61,97.92999999999995,36.97999999999996,1,1,0.0
106,6,693.09,254.66,60.93999999999994,31.840000000000003,1,1,0.0
106,7,945.1,213.47,14.899999999999977,54.20000000000002,1,1,1.0
107,2,210.95,250.89,92.84000000000003,43.49000000000001,1,1,1.0
107,4,471.44,265.71,278.35999999999996,136.40000000000003,1,1,1.0
107,5,429.41,272.61,97.92000000000002,36.97999999999996,1,1,0.0
107,6,675.6,255.27,67.56999999999994,31.830000000000013,1,1,0.0
107,7,940.41,212.53,19.090000000000032,54.97,1,1,1.0
108,2,210.95,250.89,92.84000000000003,43.49000000000001,1,1,1.0
108,4,456.52,267.37,282.88,143.82999999999998,1,1,1.0
108,5,415.72,273.44,97.92999999999995,39.06,1,1,0.0
108,6,659.9,255.87,70.61000000000001,31.829999999999984,1,1,0.0
108,7,936.81,212.06,22.99000000000001,56.74000000000001,1,1,1.0
109,2,210.95,250.89,92.84000000000003,43.49000000000001,1,1,1.0
109,4,437.86,267.79,292.43999999999994,147.10999999999996,1,1,1.0
109,5,400.79,273.86,105.00999999999999,39.05000000000001,1,1,0.0
109,6,650.85,255.87,70.61000000000001,31.829999999999984,1,1,0.0
109,7,932.58,211.59,27.120000000000005,58.309999999999974,1,1,1.0
110,2,210.95,250.89,92.84000000000003,43.49000000000001,1,1,1.0
110,4,427.9,271.1,291.6,150.39999999999998,1,1,1.0
110,5,386.69,275.1,105.00999999999999,39.06,1,1,0.0
110,6,635.8,256.47,76.0200000000001,31.829999999999984,1,1,0.0
110,7,927.1,213.63,32.60000000000002,57.56999999999999,1,1,1.0
111,2,210.95,250.89,92.84000000000003,43.49000000000001,1,1,1.0
111,4,413.39,271.1,297.01,152.89999999999998,1,1,1.0
111,5,371.35,274.69,105.00999999999999,39.05000000000001,1,1,0.0
111,6,623.14,256.47,76.00999999999999,31.829999999999984,1,1,0.0
111,7,921.62,213.47,38.08000000000004,58.03,1,1,1.0
112,2,210.95,250.89,92.84000000000003,43.49000000000001,1,1,1.0
112,4,392.49,276.33,308.51,152.89000000000004,1,1,1.0
112,5,359.86,274.69,105.0,39.05000000000001,1,1,0.0
112,6,603.8,258.88,85.70000000000005,31.840000000000032,1,1,0.0
112,7,917.39,213.79,42.31000000000006,58.51000000000002,1,1,1.0
113,2,210.95,250.89,92.84000000000003,43.49000000000001,1,1,1.0
113,4,377.86,280.51,308.51,152.89,1,1,1.0
113,5,344.18,276.78,105.00999999999999,39.05000000000001,1,1,0.0
113,6,587.52,257.68,85.70000000000005,31.829999999999984,1,1,0.0
113,7,912.54,214.1,46.960000000000036,59.099999999999994,1,1,1.0
114,2,210.95,250.89,92.84000000000003,43.49000000000001,1,1,1.0
114,4,361.58,278.09,315.12000000000006,160.11,1,1,1.0
114,5,330.92,279.79,105.00999999999999,39.06,1,1,0.0
114,6,571.8,257.68,89.96000000000004,31.829999999999984,1,1,0.0
114,7,907.69,213.79,52.1099999999999,59.41,1,1,1.0
115,2,210.95,250.89,92.84000000000003,43.49000000000001,1,1,1.0
115,4,338.7,280.51,327.75000000000006,168.59000000000003,1,1,1.0
115,5,314.04,281.0,105.0,39.06,1,1,0.0
115,6,556.12,259.49,89.97000000000003,31.829999999999984,1,1,0.0
115,7,903.77,213.47,56.02999999999997,60.22999999999999,1,1,1.0
116,2,210.95,250.89,92.84000000000003,43.49000000000001,1,1,1.0
116,4,321.82,280.51,334.97999999999996,168.59000000000003,1,1,1.0
116,5,301.37,282.2,105.00999999999999,39.06,1,1,0.0
116,6,545.87,258.88,89.97000000000003,31.829999999999984,1,1,0.0
116,7,899.23,214.25,60.569999999999936,60.25,1,1,1.0
117,2,210.95,250.89,92.84000000000003,43.49000000000001,1,1,1.0
117,4,296.49,284.12,349.40999999999997,168.60000000000002,1,1,1.0
117,5,286.3,282.81,105.00999999999999,39.06,1,1,0.0
117,6,533.81,260.69,89.97000000000003,31.829999999999984,1,1,0.0
117,7,894.22,214.25,65.77999999999997,60.75,1,1,1.0
118,2,210.95,250.89,92.84000000000003,43.49000000000001,1,1,1.0
118,4,270.56,284.73,362.04,172.76999999999998,1,1,1.0
118,5,272.43,282.2,105.00999999999999,39.06,1,1,0.0
118,6,510.9,261.9,100.80000000000007,31.83000000000004,1,1,0.0
118,7,887.02,214.25,72.77999999999997,60.75,1,1,1.0
119,2,210.95,250.89,92.84000000000003,43.49000000000001,1,1,1.0
119,4,259.71,289.55,362.04,172.76999999999998,1,1,1.0
119,5,255.54,283.41,108.66,39.06,1,1,0.0
119,6,491.0,263.1,108.60000000000002,31.839999999999975,1,1,0.0
119,7,882.79,216.92,77.21000000000004,58.880000000000024,1,1,1.0
120,2,210.95,250.89,92.84000000000003,43.49000000000001,1,1,1.0
120,4,243.43,290.15,362.04,179.45000000000005,1,1,1.0
120,5,239.26,284.62,108.66000000000003,39.05000000000001,1,1,0.0
120,6,480.14,264.31,108.61000000000001,31.829999999999984,1,1,0.0
120,7,875.75,217.23,77.21000000000004,58.880000000000024,1,1,1.0
121,2,210.95,250.89,92.84000000000003,43.49000000000001,1,1,1.0
121,4,219.74,294.21,377.55999999999995,183.49,1,1,1.0
121,5,222.35,288.0,108.65,39.06,1,1,0.0
121,6,464.7,265.52,108.59999999999997,31.83000000000004,1,1,0.0
121,7,872.46,218.48,77.20999999999992,58.890000000000015,1,1,1.0
122,2,210.95,250.89,92.84000000000003,43.49000000000001,1,1,1.0
122,4,185.23,296.92,400.56999999999994,186.18,1,1,1.0
122,5,206.1,289.35,113.4,39.06,1,1,0.0
122,6,447.11,266.19,108.60000000000002,37.20999999999998,1,1,0.0
122,7,868.39,218.48,77.21000000000004,58.890000000000015,1,1,1.0
123,2,210.95,250.89,92.84000000000003,43.49000000000001,1,1,1.0
123,4,170.34,296.24,400.56999999999994,191.56,1,1,1.0
123,5,185.13,290.03,113.38999999999999,39.06,1,1,0.0
123,6,434.92,267.55,108.60999999999996,37.19999999999999,1,1,0.0
123,7,861.82,218.32,77.19999999999993,58.889999999999986,1,1,1.0
124,2,210.95,250.89,92.84000000000003,43.49000000000001,1,1,1.0
124,4,140.57,300.3,417.53000000000003,199.7,1,1,1.0
124,5,171.59,290.71,113.4,39.05000000000001,1,1,1.0
124,6,418.68,266.87,112.02000000000004,39.93000000000001,1,1,0.0
124,7,858.22,218.79,77.19999999999993,58.890000000000015,1,1,1.0
125,2,210.95,250.89,92.84000000000003,43.49000000000001,1,1,1.0
125,4,108.09,303.69,436.51,204.41000000000003,1,1,1.0
125,5,154.67,292.06,116.83000000000001,39.06,1,1,1.0
125,6,404.47,266.87,112.01999999999998,39.93000000000001,1,1,0.0
125,7,853.05,219.58,77.20000000000005,58.87999999999997,1,1,1.0
126,2,210.95,250.89,92.84000000000003,43.49000000000001,1,1,1.0
126,4,92.52,305.72,436.52,204.40999999999997,1,1,1.0
126,5,137.08,292.06,116.82999999999998,39.06,1,1,1.0
126,6,389.58,267.55,112.02000000000004,45.349999999999966,1,1,0.0
126,7,842.56,219.58,83.94000000000005,60.02000000000001,1,1,1.0
127,2,210.95,250.89,92.84000000000003,43.49000000000001,1,1,1.0
127,4,54.6,305.04,461.5799999999999,219.95999999999998,1,1,1.0
127,5,119.49,295.44,116.82000000000001,39.06,1,1,1.0
127,6,380.79,267.55,112.00999999999999,45.349999999999966,1,1,0.0
127,7,837.55,220.83,83.94000000000005,60.02000000000001,1,1,1.0
128,2,210.95,250.89,92.84000000000003,43.49000000000001,1,1,1.0
128,4,39.04,309.1,461.58,219.95999999999992,1,1,1.0
128,5,99.19,296.12,124.31,43.77999999999997,1,1,1.0
128,6,358.46,269.58,118.14000000000004,45.35000000000002,1,1,0.0
128,7,831.29,220.05,85.81000000000006,61.55000000000001,1,1,1.0
129,2,210.95,250.89,92.84000000000003,43.49000000000001,1,1,1.0
129,4,7.2,313.84,478.53000000000003,219.95999999999998,1,1,1.0
129,5,80.24,296.8,124.31000000000002,43.77999999999997,1,1,1.0
129,6,342.89,268.9,118.15000000000003,45.35000000000002,1,1,0.0
129,7,824.56,220.36,85.81000000000006,61.55000000000001,1,1,1.0
130,2,210.95,250.89,92.84000000000003,43.49000000000001,1,1,1.0
130,4,1.11,315.2,469.69,223.32999999999998,1,1,1.0
130,5,64.0,299.5,124.31,43.77999999999997,1,1,1.0
130,6,333.42,269.58,118.13999999999999,45.35000000000002,1,1,0.0
130,7,819.86,221.46,85.80999999999995,61.54999999999998,1,1,1.0
131,2,210.95,250.89,92.84000000000003,43.49000000000001,1,1,1.0
131,4,1.79,315.88,452.10999999999996,223.33000000000004,1,1,1.0
131,5,41.67,300.18,130.43,43.77999999999997,1,1,1.0
131,6,317.86,271.61,119.53999999999996,48.089999999999975,1,1,0.0
131,7,814.38,221.92,85.81000000000006,61.56000000000003,1,1,1.0
132,2,210.95,250.89,92.84000000000003,43.49000000000001,1,1,1.0
132,4,1.79,321.6,436.31,217.61,1,1,1.0
132,5,24.07,300.86,130.44,43.77999999999997,1,1,1.0
132,6,299.62,273.63,119.55000000000001,48.10000000000002,1,1,0.0
132,7,807.96,222.24,85.80999999999995,61.55000000000001,1,1,1.0
133,2,210.95,250.89,92.84000000000003,43.49000000000001,1,1,1.0
133,4,1.79,321.6,417.31,217.61,1,1,1.0
133,5,3.77,302.21,130.44,43.78000000000003,1,1,1.0
133,6,286.66,273.63,119.53999999999996,48.10000000000002,1,1,0.0
133,7,803.42,222.39,85.81000000000006,61.56,1,1,1.0
134,2,210.95,250.89,92.84000000000003,43.49000000000001,1,1,1.0
134,4,1.79,326.9,401.51,212.31000000000006,1,1,1.0
134,5,1.74,303.56,116.86,43.77999999999997,1,1,1.0
134,6,272.88,275.66,119.54000000000002,48.089999999999975,1,1,0.0
134,7,795.59,223.02,85.81999999999994,61.54999999999998,1,1,1.0
135,2,210.95,250.89,92.84000000000003,43.49000000000001,1,1,0.0
135,4,1.79,330.5,386.10999999999996,208.71000000000004,1,1,1.0
135,5,1.07,304.23,102.13000000000001,49.46999999999997,1,1,1.0
135,6,255.46,275.25,119.53999999999999,48.10000000000002,1,1,0.0
135,7,790.26,223.86,85.81000000000006,61.56,1,1,1.0
136,2,210.95,250.89,92.84000000000003,43.49000000000001,1,1,0.0
136,4,0.0,335.4,366.8,203.0,1,1,1.0
136,5,0.41,306.57,80.69,49.47000000000003,1,1,1.0
136,6,237.23,276.47,122.37000000000003,48.089999999999975,1,1,0.0
136,7,779.3,224.14,92.30000000000007,61.56,1,1,1.0
137,2,210.95,250.89,92.84000000000003,43.49000000000001,1,1,0.0
137,4,0.0,335.4,348.6,203.0,1,1,1.0
137,5,0.41,306.57,64.09,49.47000000000003,1,1,1.0
137,6,219.4,278.49,125.20000000000002,48.099999999999966,1,1,0.0
137,7,771.43,224.71,92.30000000000007,61.54999999999998,1,1,1.0
137,8,707.54,511.62,122.24000000000001,28.379999999999995,1,1,1.0
138,2,210.95,250.89,92.84000000000003,43.49000000000001,1,1,0.0
138,4,0.0,340.7,330.0,197.7,1,1,1.0
138,5,0.41,306.57,44.690000000000005,49.47000000000003,1,1,1.0
138,6,205.62,279.3,126.77999999999997,48.099999999999966,1,1,0.0
138,7,766.09,224.42,92.29999999999995,61.56000000000003,1,1,1.0
138,8,710.82,506.37,136.01,32.33000000000004,1,1,1.0
139,2,210.95,250.89,92.84000000000003,43.49000000000001,1,1,0.0
139,4,0.0,346.3,306.5,192.09999999999997,1,1,1.0
139,5,0.41,306.57,28.49,49.47000000000003,1,1,1.0
139,6,187.71,280.5,126.77000000000001,48.089999999999975,1,1,0.0
139,7,759.07,225.27,92.29999999999995,61.54999999999998,1,1,1.0
139,8,717.4,499.79,139.89999999999998,39.60999999999996,1,1,1.0
140,2,210.95,250.89,92.84000000000003,43.49000000000001,1,1,0.0
140,4,0.0,346.3,291.0,192.09999999999997,1,1,1.0
140,6,173.77,280.9,126.78,48.09000000000003,1,1,1.0
140,7,749.21,225.27,97.58999999999992,61.54999999999998,1,1,1.0
140,8,723.3,493.88,140.60000000000002,46.120000000000005,1,1,1.0
141,2,210.95,250.89,92.84000000000003,43.49000000000001,1,1,0.0
141,4,0.0,351.9,269.9,186.5,1,1,1.0
141,6,155.85,281.29,126.78,54.10999999999996,1,1,1.0
141,7,740.01,226.58,100.19000000000005,61.559999999999974,1,1,1.0
141,8,732.5,489.28,145.89999999999998,50.72000000000003,1,1,1.0
142,2,210.95,250.89,92.84000000000003,43.49000000000001,1,1,0.0
142,4,0.0,351.9,246.4,186.5,1,1,1.0
142,6,136.34,282.49,130.35999999999999,54.099999999999966,1,1,1.0
142,7,732.12,226.58,100.18999999999994,61.559999999999974,1,1,1.0
142,8,744.3,483.36,138.04000000000008,56.639999999999986,1,1,1.0
143,2,210.95,250.89,92.84000000000003,43.49000000000001,1,1,0.0
143,4,0.0,357.5,222.9,180.89999999999998,1,1,1.0
143,6,117.23,284.08,132.76999999999998,54.110000000000014,1,1,1.0
143,7,726.87,227.24,100.18999999999994,61.55000000000001,1,1,1.0
143,8,752.2,478.11,136.7199999999999,60.59000000000003,1,1,1.0
144,2,210.95,250.89,92.84000000000003,43.49000000000001,1,1,0.0
144,4,0.0,362.7,199.0,175.7,1,1,1.0
144,6,101.46,284.74,132.76999999999998,54.099999999999966,1,1,1.0
144,7,717.66,227.24,100.20000000000005,64.15999999999997,1,1,1.0
144,8,766.0,471.53,128.20000000000005,68.47000000000003,1,1,1.0
145,2,210.95,250.89,92.84000000000003,43.49000000000001,1,1,1.0
145,4,0.0,367.1,177.5,171.29999999999995,1,1,1.0
145,6,85.03,285.4,132.77,54.10000000000002,1,1,1.0
145,7,711.09,227.24,100.18999999999994,64.15999999999997,1,1,1.0
145,8,775.86,466.93,126.24000000000001,72.36999999999995,1,1,1.0
146,2,210.95,250.89,92.84000000000003,43.49000000000001,1,1,1.0
146,4,0.0,371.5,154.4,167.70000000000005,1,1,1.0
146,6,67.28,288.03,132.77,54.10000000000002,1,1,1.0
146,7,700.58,227.9,103.51999999999998,64.16,1,1,1.0
146,8,786.37,462.33,122.33000000000004,76.96999999999997,1,1,1.0
147,2,210.95,250.89,92.84000000000003,43.49000000000001,1,1,1.0
147,4,0.0,375.4,124.8,163.80000000000007,1,1,1.0
147,6,52.82,286.71,132.77,54.110000000000014,1,1,1.0
147,7,692.03,229.21,104.13999999999999,64.16,1,1,1.0
147,8,796.23,456.42,120.37,82.87999999999994,1,1,1.0
148,2,210.95,250.89,92.84000000000003,43.49000000000001,1,1,1.0
148,4,0.0,380.0,100.5,159.20000000000005,1,1,1.0
148,6,35.08,291.31,132.76999999999998,54.110000000000014,1,1,1.0
148,7,681.52,229.21,107.38,64.16,1,1,1.0
148,8,804.12,451.16,120.37,86.13999999999993,1,1,1.0
149,2,210.95,250.89,92.84000000000003,43.49000000000001,1,1,1.0
149,4,0.0,383.9,74.2,155.30000000000007,1,1,1.0
149,6,14.05,292.63,137.35,54.10000000000002,1,1,1.0
149,7,672.32,229.21,107.38,64.16,1,1,1.0
149,8,812.66,447.22,119.74000000000001,88.77999999999997,1,1,1.0
150,2,210.95,250.89,92.84000000000003,43.49000000000001,1,1,1.0
150,4,0.0,393.8,46.6,145.40000000000003,1,1,1.0
150,6,0.9,293.94,137.35999999999999,60.06,1,1,1.0
150,7,669.03,230.53,107.38,66.16999999999999,1,1,1.0
150,8,823.83,443.93,113.87,86.17000000000002,1,1,1.0
151,2,210.95,250.89,92.84000000000003,43.49000000000001,1,1,1.0
151,6,0.9,293.94,118.3,60.06,1,1,1.0
151,7,658.51,230.53,107.38999999999999,66.16999999999999,1,1,1.0
151,8,828.43,439.99,113.87,86.16999999999996,1,1,1.0
152,2,210.95,250.89,92.84000000000003,43.49000000000001,1,1,1.0
152,6,0.9,293.94,101.19999999999999,60.06,1,1,1.0
152,7,650.63,230.53,107.38,66.16999999999999,1,1,1.0
152,8,838.29,435.39,113.87,82.90999999999997,1,1,1.0
153,2,210.95,250.89,92.84000000000003,43.49000000000001,1,1,1.0
153,6,0.9,293.94,81.5,60.06,1,1,1.0
153,7,637.48,230.53,113.31999999999994,67.47,1,1,1.0
153,8,846.18,430.79,109.8900000000001,80.90999999999997,1,1,1.0
154,2,210.95,250.89,92.84000000000003,43.49000000000001,1,1,1.0
154,6,0.9,293.94,67.0,60.06,1,1,1.0
154,7,628.94,231.84,113.31999999999994,67.47,1,1,1.0
154,8,854.1,428.2,105.25999999999999,79.60000000000002,1,1,1.0
155,2,210.95,250.89,92.84000000000003,43.49000000000001,1,1,1.0
155,6,0.9,293.94,49.9,60.06,1,1,1.0
155,7,621.71,231.18,113.31999999999994,67.48000000000002,1,1,1.0
155,8,858.7,422.3,100.65999999999997,80.19999999999999,1,1,1.0
156,2,210.95,250.89,92.84000000000003,43.49000000000001,1,1,1.0
156,6,0.25,298.54,30.79,60.06,1,1,1.0
156,7,612.51,232.5,113.32000000000005,67.47000000000003,1,1,1.0
156,8,869.2,417.04,90.15999999999997,80.19999999999999,1,1,1.0
157,2,210.95,250.89,92.84000000000003,43.49000000000001,1,1,1.0
157,7,603.31,232.5,113.32000000000005,67.47000000000003,1,1,1.0
157,8,874.5,414.4,84.86000000000001,76.27000000000004,1,1,1.0
158,2,210.95,250.89,92.84000000000003,43.49000000000001,1,1,1.0
158,7,592.79,232.5,113.32000000000005,67.47000000000003,1,1,1.0
158,8,880.4,410.5,78.96000000000004,73.60000000000002,1,1,1.0
159,2,210.95,250.89,92.84000000000003,43.49000000000001,1,1,1.0
159,7,584.25,234.47,113.32000000000005,67.47,1,1,1.0
159,8,887.6,408.53,71.75999999999999,73.60000000000002,1,1,1.0
160,2,210.95,250.89,92.84000000000003,43.49000000000001,1,1,1.0
160,7,572.42,233.81,117.28000000000009,70.79000000000002,1,1,1.0
160,8,894.8,404.58,65.20000000000005,73.60000000000002,1,1,1.0
161,2,210.95,250.89,92.84000000000003,43.49000000000001,1,1,1.0
161,7,562.56,233.15,117.28000000000009,70.78999999999999,1,1,1.0
161,8,900.1,398.7,59.89999999999998,71.60000000000002,1,1,1.0
162,2,210.95,250.89,92.84000000000003,43.49000000000001,1,1,1.0
162,7,551.39,232.5,117.27999999999997,70.79000000000002,1,1,1.0
162,8,905.4,397.39,54.60000000000002,71.59000000000003,1,1,1.0
163,2,210.95,250.89,92.84000000000003,43.49000000000001,1,1,1.0
163,7,545.14,232.5,117.28999999999996,70.79000000000002,1,1,0.0
163,8,912.64,396.73,46.700000000000045,69.0,1,1,1.0
164,2,210.95,250.89,92.84000000000003,43.49000000000001,1,1,1.0
164,7,536.27,235.13,117.27999999999997,70.78000000000003,1,1,0.0
164,8,918.6,392.1,41.39999999999998,67.06,1,1,1.0
165,2,210.95,250.89,92.84000000000003,43.49000000000001,1,1,1.0
165,7,519.2,235.13,121.87,70.78000000000003,1,1,0.0
165,8,923.1,390.41,36.89999999999998,67.04999999999995,1,1,1.0
166,2,210.95,250.89,92.84000000000003,43.49000000000001,1,1,1.0
166,7,506.7,235.13,125.17000000000002,70.78000000000003,1,1,0.0
166,8,929.9,384.76,30.100000000000023,67.06,1,1,1.0
167,2,210.95,250.89,92.84000000000003,43.49000000000001,1,1,1.0
167,7,496.19,235.13,125.16000000000003,70.78000000000003,1,1,0.0
167,8,933.6,385.3,26.399999999999977,62.56999999999999,1,1,1.0
168,2,210.95,250.89,92.84000000000003,43.49000000000001,1,1,1.0
168,7,483.7,235.78,125.16000000000003,70.78999999999999,1,1,0.0
168,8,937.6,383.9,22.399999999999977,60.02000000000004,1,1,1.0
169,2,210.95,250.89,92.84000000000003,43.49000000000001,1,1,1.0
169,7,471.87,236.44,128.42999999999995,70.79000000000002,1,1,0.0
169,8,944.1,382.21,15.620000000000005,60.01000000000005,1,1,1.0
170,2,210.95,250.89,92.84000000000003,43.49000000000001,1,1,1.0
170,7,462.01,236.44,128.43000000000006,70.79000000000002,1,1,0.0
170,8,948.3,380.8,11.420000000000073,60.00999999999999,1,1,1.0
171,2,210.95,250.89,92.84000000000003,43.49000000000001,1,1,1.0
171,7,453.47,236.44,128.42999999999995,70.79000000000002,1,1,0.0
172,2,210.95,250.89,92.84000000000003,43.49000000000001,1,1,1.0
172,7,439.01,238.41,128.43000000000006,70.78999999999999,1,1,0.0
173,2,210.95,250.89,92.84000000000003,43.49000000000001,1,1,1.0
173,7,429.15,239.07,128.43000000000006,70.79000000000002,1,1,0.0
174,2,210.95,250.89,92.84000000000003,43.49000000000001,1,1,1.0
174,7,420.61,239.73,128.42999999999995,70.78999999999999,1,1,0.0
175,2,210.95,250.89,92.84000000000003,43.49000000000001,1,1,1.0
175,7,405.49,241.04,135.01,70.78999999999999,1,1,0.0
176,2,210.95,250.89,92.84000000000003,43.49000000000001,1,1,1.0
176,7,393.0,240.38,135.01,70.79000000000002,1,1,0.0
177,2,210.95,250.89,92.84000000000003,43.49000000000001,1,1,1.0
177,7,381.83,240.38,135.01000000000005,70.79000000000002,1,1,1.0
178,2,210.95,250.89,92.84000000000003,43.49000000000001,1,1,1.0
178,7,371.31,240.38,135.01,70.79000000000002,1,1,0.0
179,2,210.95,250.89,92.84000000000003,43.49000000000001,1,1,1.0
179,7,360.14,239.73,135.01,70.78999999999999,1,1,0.0
180,2,210.95,250.89,92.84000000000003,43.49000000000001,1,1,1.0
180,7,348.31,240.38,135.01,70.79000000000002,1,1,0.0
181,2,210.95,250.89,92.84000000000003,43.49000000000001,1,1,1.0
181,7,338.45,240.38,135.01,70.79000000000002,1,1,0.0
182,2,210.95,250.89,92.84000000000003,43.49000000000001,1,1,1.0
182,7,325.97,241.7,135.01,70.79000000000002,1,1,0.0
183,2,210.95,250.89,92.84000000000003,43.49000000000001,1,1,1.0
183,7,316.11,241.04,135.01,70.78999999999999,1,1,0.0
184,2,210.95,250.89,92.84000000000003,43.49000000000001,1,1,1.0
184,7,306.91,241.7,135.01,70.79000000000002,1,1,0.0
185,2,210.95,250.89,92.84000000000003,43.49000000000001,1,1,0.0
185,7,293.11,242.36,135.01,70.77999999999997,1,1,0.0
186,2,210.95,250.89,92.84000000000003,43.49000000000001,1,1,0.0
186,7,282.59,241.7,135.01000000000005,80.0,1,1,0.0
187,2,210.95,250.89,92.84000000000003,43.49000000000001,1,1,0.0
187,7,272.73,243.67,135.01,80.00000000000003,1,1,0.0
188,2,210.95,250.89,92.84000000000003,43.49000000000001,1,1,0.0
188,7,258.93,244.33,135.01,79.99999999999997,1,1,0.0
189,2,210.95,250.89,92.84000000000003,43.49000000000001,1,1,0.0
189,7,250.39,244.33,135.01,79.99999999999997,1,1,0.0
190,2,210.95,250.89,92.84000000000003,43.49000000000001,1,1,0.0
190,7,230.67,244.33,142.93000000000004,79.99999999999997,1,1,1.0
